0.285271136430647
0.03002854067691021
0.045042811015365315
0.03002854067691021
0.045042811015365315
0.9008562203073064
0.0
0.10509989236918574
0.06005708135382042
0.0
0.045042811015365315
0.12011416270764085
0.06005708135382042
0.03002854067691021
0.0
0.0
0.03002854067691021
0.0
0.0
0.015014270338455106
0.03002854067691021
0.0
0.0
0.03002854067691021
0.015014270338455106
0.0
0.0
0.0
0.0
0.03002854067691021
0.0
0.0
0.0
0.0
0.03002854067691021
0.015014270338455106
0.015014270338455106
0.03002854067691021
0.015014270338455106
0.0
0.0
0.0
0.03002854067691021
0.07507135169227552
0.015014270338455106
0.0
0.015014270338455106
0.07507135169227552
0.10509989236918574
0.015014270338455106
0.03002854067691021
0.07507135169227552
0.03002854067691021
0.045042811015365315
0.015014270338455106
0.06005708135382042
0.06005708135382042
0.0
0.13512843304609595
0.2163856337073152
0.030912233386759316
0.046368350080138974
0.046368350080138974
0.0
0.9273670016027794
0.030912233386759316
0.015456116693379658
0.06182446677351863
0.0
0.015456116693379658
0.015456116693379658
0.07728058346689828
0.015456116693379658
0.0
0.0
0.030912233386759316
0.015456116693379658
0.015456116693379658
0.0
0.0
0.0
0.030912233386759316
0.046368350080138974
0.046368350080138974
0.0
0.015456116693379658
0.030912233386759316
0.0
0.015456116693379658
0.030912233386759316
0.0
0.015456116693379658
0.015456116693379658
0.0
0.0
0.046368350080138974
0.07728058346689828
0.015456116693379658
0.015456116693379658
0.015456116693379658
0.0
0.015456116693379658
0.015456116693379658
0.0
0.0
0.0
0.030912233386759316
0.12364893354703727
0.030912233386759316
0.015456116693379658
0.046368350080138974
0.015456116693379658
0.015456116693379658
0.015456116693379658
0.046368350080138974
0.06182446677351863
0.046368350080138974
0.17001728362717622
0.2560810230303125
0.03012717918003676
0.01506358959001838
0.01506358959001838
0.01506358959001838
0.9038153754011028
0.0
0.01506358959001838
0.0753179479500919
0.01506358959001838
0.0
0.10544512713012866
0.06025435836007352
0.01506358959001838
0.0
0.0
0.045190768770055144
0.03012717918003676
0.0
0.01506358959001838
0.01506358959001838
0.0
0.01506358959001838
0.0753179479500919
0.0
0.03012717918003676
0.0
0.0
0.01506358959001838
0.01506358959001838
0.01506358959001838
0.0
0.0
0.0
0.01506358959001838
0.01506358959001838
0.01506358959001838
0.03012717918003676
0.0
0.0
0.0
0.0
0.01506358959001838
0.06025435836007352
0.0
0.01506358959001838
0.0
0.06025435836007352
0.18076307508022058
0.03012717918003676
0.01506358959001838
0.06025435836007352
0.09038153754011029
0.03012717918003676
0.0
0.01506358959001838
0.01506358959001838
0.01506358959001838
0.1656994854902022
0.2562264162305973
0.03014428426242321
0.0
0.06028856852484642
0.015072142131211604
0.9043285278726962
0.0
0.06028856852484642
0.09043285278726963
0.03014428426242321
0.03014428426242321
0.10550499491848124
0.045216426393634816
0.045216426393634816
0.0
0.0
0.07536071065605802
0.03014428426242321
0.015072142131211604
0.045216426393634816
0.0
0.0
0.03014428426242321
0.015072142131211604
0.03014428426242321
0.015072142131211604
0.03014428426242321
0.0
0.0
0.0
0.03014428426242321
0.015072142131211604
0.0
0.015072142131211604
0.0
0.015072142131211604
0.0
0.0
0.0
0.0
0.0
0.015072142131211604
0.03014428426242321
0.07536071065605802
0.0
0.0
0.06028856852484642
0.09043285278726963
0.03014428426242321
0.045216426393634816
0.0
0.09043285278726963
0.045216426393634816
0.06028856852484642
0.03014428426242321
0.0
0.0
0.015072142131211604
0.18086570557453926
0.25464057385511946
0.0
0.014978857285595261
0.04493657185678578
0.0
0.8987314371357157
0.0
0.04493657185678578
0.10485200099916683
0.014978857285595261
0.014978857285595261
0.029957714571190522
0.07489428642797631
0.029957714571190522
0.0
0.0
0.0
0.08987314371357157
0.029957714571190522
0.0
0.014978857285595261
0.0
0.029957714571190522
0.04493657185678578
0.014978857285595261
0.014978857285595261
0.014978857285595261
0.0
0.0
0.0
0.04493657185678578
0.014978857285595261
0.0
0.0
0.014978857285595261
0.059915429142381044
0.0
0.04493657185678578
0.0
0.0
0.029957714571190522
0.0
0.0
0.014978857285595261
0.014978857285595261
0.014978857285595261
0.0
0.10485200099916683
0.059915429142381044
0.0
0.029957714571190522
0.11983085828476209
0.014978857285595261
0.07489428642797631
0.0
0.04493657185678578
0.0
0.014978857285595261
0.20970400199833367
0.2937050728701008
0.01468525364350504
0.02937050728701008
0.01468525364350504
0.01468525364350504
0.8811152186103024
0.05874101457402016
0.02937050728701008
0.04405576093051512
0.0
0.01468525364350504
0.04405576093051512
0.19090829736556553
0.04405576093051512
0.01468525364350504
0.0
0.02937050728701008
0.02937050728701008
0.0
0.01468525364350504
0.0
0.0
0.0
0.01468525364350504
0.01468525364350504
0.02937050728701008
0.0
0.0
0.0
0.01468525364350504
0.0
0.0
0.0
0.02937050728701008
0.01468525364350504
0.0
0.0
0.04405576093051512
0.0
0.0
0.01468525364350504
0.0
0.02937050728701008
0.01468525364350504
0.01468525364350504
0.04405576093051512
0.02937050728701008
0.11748202914804032
0.01468525364350504
0.0
0.01468525364350504
0.13216728279154535
0.01468525364350504
0.0
0.0
0.05874101457402016
0.01468525364350504
0.01468525364350504
0.20559355100907056
0.31371249934815515
0.0
0.014938690445150246
0.07469345222575123
0.014938690445150246
0.8963214267090147
0.014938690445150246
0.08963214267090147
0.05975476178060098
0.0
0.0
0.02987738089030049
0.05975476178060098
0.05975476178060098
0.0
0.014938690445150246
0.02987738089030049
0.02987738089030049
0.0
0.02987738089030049
0.014938690445150246
0.014938690445150246
0.05975476178060098
0.02987738089030049
0.044816071335450736
0.014938690445150246
0.0
0.0
0.0
0.02987738089030049
0.014938690445150246
0.02987738089030049
0.0
0.014938690445150246
0.0
0.044816071335450736
0.02987738089030049
0.0
0.0
0.0
0.014938690445150246
0.0
0.014938690445150246
0.02987738089030049
0.014938690445150246
0.02987738089030049
0.014938690445150246
0.05975476178060098
0.11950952356120197
0.0
0.014938690445150246
0.08963214267090147
0.0
0.02987738089030049
0.014938690445150246
0.0
0.0
0.014938690445150246
0.1643255948966527
0.18452805472184378
0.046132013680460944
0.03075467578697396
0.03075467578697396
0.0768866894674349
0.9226402736092189
0.03075467578697396
0.03075467578697396
0.10764136525440886
0.01537733789348698
0.03075467578697396
0.0768866894674349
0.046132013680460944
0.03075467578697396
0.0
0.0
0.06150935157394792
0.046132013680460944
0.0
0.0
0.0
0.0
0.01537733789348698
0.01537733789348698
0.0
0.046132013680460944
0.03075467578697396
0.0
0.0
0.01537733789348698
0.046132013680460944
0.0
0.0
0.0
0.0
0.01537733789348698
0.01537733789348698
0.01537733789348698
0.0
0.01537733789348698
0.0
0.0
0.03075467578697396
0.03075467578697396
0.0
0.0
0.06150935157394792
0.12301870314789584
0.03075467578697396
0.03075467578697396
0.0
0.06150935157394792
0.01537733789348698
0.01537733789348698
0.01537733789348698
0.03075467578697396
0.01537733789348698
0.0
0.19990539261533075
0.339781941525727
0.0
0.029546255784845828
0.0
0.0
0.8863876735453748
0.029546255784845828
0.014773127892422914
0.08863876735453749
0.0
0.0
0.014773127892422914
0.08863876735453749
0.014773127892422914
0.0
0.0
0.059092511569691655
0.044319383677268745
0.0
0.014773127892422914
0.014773127892422914
0.0
0.0
0.059092511569691655
0.0
0.0
0.029546255784845828
0.0
0.0
0.014773127892422914
0.014773127892422914
0.0
0.0
0.0
0.014773127892422914
0.029546255784845828
0.0
0.014773127892422914
0.0
0.0
0.0
0.029546255784845828
0.014773127892422914
0.059092511569691655
0.014773127892422914
0.0
0.014773127892422914
0.0
0.059092511569691655
0.014773127892422914
0.014773127892422914
0.044319383677268745
0.059092511569691655
0.044319383677268745
0.029546255784845828
0.044319383677268745
0.014773127892422914
0.014773127892422914
0.2215969183863437
0.2999475137772317
0.014997375688861584
0.05998950275544634
0.02999475137772317
0.04499212706658476
0.8998425413316951
0.04499212706658476
0.014997375688861584
0.04499212706658476
0.014997375688861584
0.05998950275544634
0.04499212706658476
0.07498687844430793
0.0
0.0
0.0
0.04499212706658476
0.02999475137772317
0.014997375688861584
0.014997375688861584
0.0
0.0
0.02999475137772317
0.02999475137772317
0.014997375688861584
0.0
0.0
0.0
0.0
0.0
0.0
0.0
0.014997375688861584
0.0
0.0
0.04499212706658476
0.05998950275544634
0.014997375688861584
0.0
0.0
0.02999475137772317
0.014997375688861584
0.014997375688861584
0.04499212706658476
0.0
0.0
0.014997375688861584
0.08998425413316952
0.04499212706658476
0.02999475137772317
0.014997375688861584
0.05998950275544634
0.02999475137772317
0.0
0.014997375688861584
0.02999475137772317
0.02999475137772317
0.02999475137772317
0.2099632596440622
0.29867384554474946
0.0
0.029867384554474945
0.044801076831712416
0.014933692277237473
0.8960215366342483
0.0
0.044801076831712416
0.044801076831712416
0.014933692277237473
0.0
0.029867384554474945
0.14933692277237473
0.0
0.0
0.0
0.029867384554474945
0.0
0.0
0.029867384554474945
0.014933692277237473
0.0
0.029867384554474945
0.044801076831712416
0.029867384554474945
0.0
0.014933692277237473
0.0
0.0
0.029867384554474945
0.044801076831712416
0.0
0.0
0.014933692277237473
0.0
0.044801076831712416
0.0
0.044801076831712416
0.014933692277237473
0.014933692277237473
0.0
0.014933692277237473
0.029867384554474945
0.014933692277237473
0.014933692277237473
0.0
0.014933692277237473
0.07466846138618737
0.029867384554474945
0.0
0.014933692277237473
0.1045358459406623
0.0
0.044801076831712416
0.0
0.05973476910894989
0.014933692277237473
0.029867384554474945
0.19413799960408715
0.26811970078983527
0.029791077865537252
0.029791077865537252
0.029791077865537252
0.04468661679830588
0.8937323359661176
0.029791077865537252
0.029791077865537252
0.059582155731074504
0.0
0.029791077865537252
0.014895538932768626
0.07447769466384313
0.014895538932768626
0.029791077865537252
0.014895538932768626
0.029791077865537252
0.014895538932768626
0.0
0.0
0.014895538932768626
0.0
0.014895538932768626
0.04468661679830588
0.0
0.014895538932768626
0.014895538932768626
0.0
0.0
0.029791077865537252
0.029791077865537252
0.0
0.0
0.014895538932768626
0.0
0.0
0.0
0.04468661679830588
0.029791077865537252
0.0
0.029791077865537252
0.014895538932768626
0.04468661679830588
0.029791077865537252
0.029791077865537252
0.014895538932768626
0.014895538932768626
0.10426877252938038
0.059582155731074504
0.029791077865537252
0.04468661679830588
0.1638509282604549
0.029791077865537252
0.014895538932768626
0.014895538932768626
0.029791077865537252
0.029791077865537252
0.0
0.2234330839915294
0.23869964513501205
0.014918727820938253
0.0
0.014918727820938253
0.014918727820938253
0.8951236692562953
0.029837455641876506
0.07459363910469127
0.1342685503884443
0.014918727820938253
0.0
0.17902473385125905
0.07459363910469127
0.0
0.0
0.0
0.07459363910469127
0.0
0.014918727820938253
0.0
0.0
0.0
0.014918727820938253
0.014918727820938253
0.05967491128375301
0.0
0.044756183462814764
0.0
0.014918727820938253
0.014918727820938253
0.0
0.0
0.014918727820938253
0.0
0.029837455641876506
0.0
0.014918727820938253
0.044756183462814764
0.0
0.0
0.0
0.029837455641876506
0.029837455641876506
0.10443109474656778
0.0
0.029837455641876506
0.044756183462814764
0.10443109474656778
0.11934982256750602
0.0
0.0
0.044756183462814764
0.05967491128375301
0.014918727820938253
0.014918727820938253
0.0
0.014918727820938253
0.044756183462814764
0.11934982256750602
0.31173606492294853
0.0
0.02968914904028081
0.05937829808056162
0.04453372356042122
0.8906744712084244
0.04453372356042122
0.02968914904028081
0.04453372356042122
0.0
0.0
0.014844574520140406
0.10391202164098284
0.014844574520140406
0.0
0.014844574520140406
0.05937829808056162
0.0
0.05937829808056162
0.014844574520140406
0.0
0.0
0.02968914904028081
0.014844574520140406
0.0
0.014844574520140406
0.014844574520140406
0.0
0.0
0.014844574520140406
0.0
0.0
0.0
0.014844574520140406
0.02968914904028081
0.0
0.04453372356042122
0.02968914904028081
0.0
0.0
0.014844574520140406
0.014844574520140406
0.05937829808056162
0.07422287260070203
0.014844574520140406
0.0
0.0
0.05937829808056162
0.05937829808056162
0.014844574520140406
0.0
0.10391202164098284
0.02968914904028081
0.02968914904028081
0.0
0.0
0.014844574520140406
0.02968914904028081
0.2078240432819657
0.2584076076319547
0.015200447507762041
0.045601342523286126
0.0
0.030400895015524083
0.9120268504657225
0.060801790031048165
0.030400895015524083
0.09120268504657225
0.0
0.0
0.060801790031048165
0.1520044750776204
0.015200447507762041
0.0
0.0
0.015200447507762041
0.0
0.0
0.0
0.0
0.0
0.015200447507762041
0.0
0.015200447507762041
0.0
0.0
0.0
0.0
0.0
0.045601342523286126
0.0
0.0
0.0
0.030400895015524083
0.045601342523286126
0.045601342523286126
0.030400895015524083
0.0
0.0
0.030400895015524083
0.0
0.030400895015524083
0.045601342523286126
0.015200447507762041
0.0
0.045601342523286126
0.045601342523286126
0.045601342523286126
0.015200447507762041
0.0
0.045601342523286126
0.030400895015524083
0.015200447507762041
0.015200447507762041
0.030400895015524083
0.015200447507762041
0.030400895015524083
0.1824053700931445
0.25870665599916
0.060872154352743534
0.030436077176371767
0.030436077176371767
0.04565411576455765
0.913082315291153
0.030436077176371767
0.07609019294092942
0.0913082315291153
0.0
0.04565411576455765
0.030436077176371767
0.12174430870548707
0.0
0.0
0.0
0.0
0.030436077176371767
0.030436077176371767
0.0
0.0
0.0
0.030436077176371767
0.0
0.030436077176371767
0.0
0.0
0.0
0.0
0.04565411576455765
0.04565411576455765
0.0
0.0
0.030436077176371767
0.0
0.030436077176371767
0.060872154352743534
0.0
0.015218038588185883
0.0
0.0
0.0
0.0
0.015218038588185883
0.0
0.0
0.030436077176371767
0.0913082315291153
0.04565411576455765
0.0
0.015218038588185883
0.07609019294092942
0.0
0.030436077176371767
0.015218038588185883
0.015218038588185883
0.04565411576455765
0.030436077176371767
0.15218038588185884
0.28217130262118756
0.04455336357176646
0.02970224238117764
0.0
0.02970224238117764
0.8910672714353292
0.04455336357176646
0.07425560595294409
0.07425560595294409
0.0
0.02970224238117764
0.04455336357176646
0.16336233309647702
0.01485112119058882
0.01485112119058882
0.01485112119058882
0.05940448476235528
0.0
0.02970224238117764
0.0
0.0
0.0
0.01485112119058882
0.01485112119058882
0.02970224238117764
0.0
0.0
0.0
0.0
0.01485112119058882
0.01485112119058882
0.0
0.0
0.02970224238117764
0.01485112119058882
0.0
0.01485112119058882
0.01485112119058882
0.0
0.0
0.01485112119058882
0.0
0.01485112119058882
0.04455336357176646
0.01485112119058882
0.01485112119058882
0.0
0.07425560595294409
0.11880896952471055
0.0
0.0
0.14851121190588817
0.04455336357176646
0.02970224238117764
0.0
0.0
0.04455336357176646
0.01485112119058882
0.14851121190588817
0.28601356893234087
0.0
0.0
0.015053345733281098
0.015053345733281098
0.9032007439968659
0.030106691466562197
0.0
0.07526672866640549
0.015053345733281098
0.0
0.07526672866640549
0.09032007439968659
0.0
0.0
0.0
0.015053345733281098
0.045160037199843295
0.015053345733281098
0.0
0.015053345733281098
0.0
0.030106691466562197
0.045160037199843295
0.030106691466562197
0.030106691466562197
0.015053345733281098
0.015053345733281098
0.0
0.0
0.015053345733281098
0.0
0.030106691466562197
0.045160037199843295
0.0
0.015053345733281098
0.07526672866640549
0.0
0.0
0.0
0.015053345733281098
0.0
0.015053345733281098
0.0
0.030106691466562197
0.0
0.07526672866640549
0.06021338293312439
0.030106691466562197
0.015053345733281098
0.0
0.10537342013296769
0.045160037199843295
0.0
0.0
0.0
0.030106691466562197
0.015053345733281098
0.19569349453265428
0.20343336780168375
0.0
0.0
0.0
0.02906190968595482
0.8718572905786446
0.02906190968595482
0.02906190968595482
0.08718572905786447
0.0
0.01453095484297741
0.17437145811572893
0.10171668390084188
0.0
0.0
0.0
0.02906190968595482
0.02906190968595482
0.0
0.0
0.0
0.01453095484297741
0.0
0.0
0.04359286452893223
0.01453095484297741
0.01453095484297741
0.0
0.0
0.0
0.01453095484297741
0.0
0.0
0.0
0.0
0.02906190968595482
0.02906190968595482
0.07265477421488706
0.0
0.0
0.01453095484297741
0.0
0.0
0.1307785935867967
0.0
0.0
0.0
0.05812381937190964
0.24702623233061596
0.0
0.0
0.1307785935867967
0.07265477421488706
0.02906190968595482
0.01453095484297741
0.01453095484297741
0.0
0.01453095484297741
0.17437145811572893
0.1692107454752438
0.04614838512961195
0.015382795043203983
0.04614838512961195
0.04614838512961195
0.922967702592239
0.0
0.06153118017281593
0.04614838512961195
0.0
0.0
0.06153118017281593
0.07691397521601992
0.015382795043203983
0.0
0.0
0.030765590086407966
0.015382795043203983
0.0
0.0
0.0
0.0
0.030765590086407966
0.0
0.04614838512961195
0.030765590086407966
0.015382795043203983
0.0
0.0
0.0
0.030765590086407966
0.0
0.0
0.0
0.0
0.0
0.015382795043203983
0.04614838512961195
0.0
0.0
0.0
0.015382795043203983
0.0
0.0922967702592239
0.0
0.0
0.0
0.13844515538883587
0.13844515538883587
0.04614838512961195
0.0
0.1076795653024279
0.06153118017281593
0.030765590086407966
0.04614838512961195
0.030765590086407966
0.015382795043203983
0.015382795043203983
0.13844515538883587
0.20559945420108464
0.0
0.06326137052341066
0.03163068526170533
0.04744602789255799
0.9489205578511598
0.04744602789255799
0.03163068526170533
0.015815342630852665
0.0
0.0
0.03163068526170533
0.04744602789255799
0.0
0.0
0.0
0.03163068526170533
0.03163068526170533
0.015815342630852665
0.0
0.0
0.0
0.04744602789255799
0.06326137052341066
0.03163068526170533
0.0
0.0
0.0
0.0
0.0
0.03163068526170533
0.015815342630852665
0.015815342630852665
0.0
0.015815342630852665
0.0
0.09489205578511598
0.015815342630852665
0.0
0.0
0.0
0.0
0.03163068526170533
0.015815342630852665
0.0
0.0
0.03163068526170533
0.015815342630852665
0.015815342630852665
0.0
0.0
0.04744602789255799
0.015815342630852665
0.015815342630852665
0.0
0.03163068526170533
0.06326137052341066
0.0
0.11070739841596865
0.08060323502739512
0.016120647005479025
0.0
0.0
0.0
0.9672388203287415
0.016120647005479025
0.0
0.03224129401095805
0.0
0.0
0.016120647005479025
0.0
0.016120647005479025
0.0
0.0
0.0
0.03224129401095805
0.0
0.0
0.0
0.0
0.0
0.08060323502739512
0.0644825880219161
0.016120647005479025
0.0
0.0
0.0
0.016120647005479025
0.03224129401095805
0.0
0.0
0.0
0.0
0.0
0.03224129401095805
0.04836194101643707
0.0
0.016120647005479025
0.0
0.0
0.0
0.0644825880219161
0.0
0.0
0.0
0.03224129401095805
0.08060323502739512
0.016120647005479025
0.016120647005479025
0.016120647005479025
0.016120647005479025
0.03224129401095805
0.03224129401095805
0.0644825880219161
0.04836194101643707
0.03224129401095805
0.1289651760438322
0.21364710661917305
0.030521015231310438
0.045781522846965655
0.045781522846965655
0.030521015231310438
0.9156304569393131
0.030521015231310438
0.030521015231310438
0.10682355330958652
0.0
0.015260507615655219
0.061042030462620876
0.10682355330958652
0.0
0.015260507615655219
0.015260507615655219
0.045781522846965655
0.045781522846965655
0.030521015231310438
0.0
0.0
0.0
0.030521015231310438
0.015260507615655219
0.0
0.0
0.0
0.015260507615655219
0.0
0.030521015231310438
0.045781522846965655
0.015260507615655219
0.0
0.0
0.0
0.030521015231310438
0.0
0.015260507615655219
0.0
0.0
0.0
0.030521015231310438
0.015260507615655219
0.030521015231310438
0.045781522846965655
0.015260507615655219
0.0
0.045781522846965655
0.0
0.015260507615655219
0.0
0.12208406092524175
0.015260507615655219
0.030521015231310438
0.015260507615655219
0.015260507615655219
0.0
0.030521015231310438
0.21364710661917305
0.25441235012667224
0.044896297081177455
0.0
0.014965432360392486
0.05986172944156994
0.8979259416235492
0.014965432360392486
0.044896297081177455
0.05986172944156994
0.05986172944156994
0.044896297081177455
0.044896297081177455
0.17958518832470982
0.02993086472078497
0.0
0.0
0.07482716180196243
0.0
0.014965432360392486
0.014965432360392486
0.02993086472078497
0.0
0.02993086472078497
0.014965432360392486
0.0
0.02993086472078497
0.0
0.0
0.0
0.02993086472078497
0.0
0.0
0.014965432360392486
0.014965432360392486
0.044896297081177455
0.014965432360392486
0.02993086472078497
0.0
0.02993086472078497
0.014965432360392486
0.0
0.02993086472078497
0.07482716180196243
0.07482716180196243
0.0
0.014965432360392486
0.014965432360392486
0.14965432360392486
0.07482716180196243
0.0
0.02993086472078497
0.05986172944156994
0.02993086472078497
0.014965432360392486
0.02993086472078497
0.014965432360392486
0.014965432360392486
0.014965432360392486
0.11972345888313989
0.18357553376536448
0.0
0.03059592229422741
0.04589388344134112
0.015297961147113705
0.9178776688268224
0.03059592229422741
0.12238368917690964
0.04589388344134112
0.0
0.015297961147113705
0.09178776688268224
0.015297961147113705
0.03059592229422741
0.0
0.015297961147113705
0.06119184458845482
0.03059592229422741
0.0
0.0
0.0
0.0
0.04589388344134112
0.0
0.0
0.015297961147113705
0.0
0.0
0.0
0.015297961147113705
0.015297961147113705
0.0
0.0
0.015297961147113705
0.04589388344134112
0.015297961147113705
0.04589388344134112
0.0
0.0
0.0
0.015297961147113705
0.015297961147113705
0.0
0.16827757261825077
0.015297961147113705
0.015297961147113705
0.04589388344134112
0.06119184458845482
0.10708572802979595
0.015297961147113705
0.015297961147113705
0.015297961147113705
0.12238368917690964
0.015297961147113705
0.0
0.03059592229422741
0.03059592229422741
0.03059592229422741
0.12238368917690964
0.19580445076685285
0.0
0.0
0.0
0.0301237616564389
0.903712849693167
0.01506188082821945
0.13555692745397505
0.1204950466257556
0.0
0.045185642484658346
0.19580445076685285
0.045185642484658346
0.0602475233128778
0.01506188082821945
0.0
0.045185642484658346
0.01506188082821945
0.01506188082821945
0.0301237616564389
0.0
0.0
0.045185642484658346
0.01506188082821945
0.045185642484658346
0.0
0.01506188082821945
0.0
0.0
0.0
0.0
0.0
0.0
0.0
0.0301237616564389
0.01506188082821945
0.01506188082821945
0.01506188082821945
0.0
0.0
0.01506188082821945
0.01506188082821945
0.01506188082821945
0.07530940414109724
0.01506188082821945
0.0
0.045185642484658346
0.0602475233128778
0.07530940414109724
0.01506188082821945
0.01506188082821945
0.0602475233128778
0.07530940414109724
0.0
0.0602475233128778
0.0301237616564389
0.0
0.01506188082821945
0.15061880828219448
0.2035228946026736
0.0
0.03131121455425748
0.03131121455425748
0.01565560727712874
0.9393364366277243
0.046966821831386216
0.03131121455425748
0.0
0.0
0.01565560727712874
0.10958925093990117
0.01565560727712874
0.0
0.01565560727712874
0.0
0.03131121455425748
0.046966821831386216
0.0
0.0
0.0
0.0
0.01565560727712874
0.07827803638564369
0.03131121455425748
0.0
0.0
0.0
0.0
0.03131121455425748
0.0
0.0
0.0
0.01565560727712874
0.01565560727712874
0.0
0.10958925093990117
0.0
0.0
0.0
0.0
0.01565560727712874
0.03131121455425748
0.06262242910851495
0.0
0.0
0.01565560727712874
0.046966821831386216
0.10958925093990117
0.0
0.01565560727712874
0.0
0.03131121455425748
0.0
0.01565560727712874
0.0
0.06262242910851495
0.01565560727712874
0.09393364366277243
0.18708936561000966
0.015590780467500804
0.031181560935001608
0.0
0.031181560935001608
0.9354468280500482
0.015590780467500804
0.031181560935001608
0.0
0.0
0.0
0.062363121870003216
0.07795390233750402
0.0
0.0
0.0
0.015590780467500804
0.046772341402502415
0.015590780467500804
0.0
0.015590780467500804
0.0
0.062363121870003216
0.062363121870003216
0.015590780467500804
0.015590780467500804
0.015590780467500804
0.0
0.0
0.015590780467500804
0.015590780467500804
0.0
0.015590780467500804
0.015590780467500804
0.015590780467500804
0.031181560935001608
0.015590780467500804
0.0
0.0
0.0
0.015590780467500804
0.015590780467500804
0.031181560935001608
0.015590780467500804
0.0
0.0
0.0
0.07795390233750402
0.10913546327250563
0.015590780467500804
0.015590780467500804
0.07795390233750402
0.015590780467500804
0.062363121870003216
0.031181560935001608
0.031181560935001608
0.0
0.031181560935001608
0.17149858514250885
0.18634349141534917
0.015528624284612432
0.0
0.04658587285383729
0.06211449713844973
0.9317174570767459
0.0
0.06211449713844973
0.12422899427689946
0.0
0.015528624284612432
0.06211449713844973
0.04658587285383729
0.015528624284612432
0.0
0.0
0.04658587285383729
0.015528624284612432
0.015528624284612432
0.015528624284612432
0.0
0.0
0.015528624284612432
0.015528624284612432
0.015528624284612432
0.031057248569224864
0.0
0.0
0.0
0.04658587285383729
0.031057248569224864
0.0
0.0
0.0
0.0
0.0
0.015528624284612432
0.015528624284612432
0.0
0.0
0.0
0.015528624284612432
0.0
0.015528624284612432
0.015528624284612432
0.031057248569224864
0.031057248569224864
0.07764312142306216
0.07764312142306216
0.015528624284612432
0.015528624284612432
0.06211449713844973
0.04658587285383729
0.06211449713844973
0.015528624284612432
0.04658587285383729
0.015528624284612432
0.0
0.17081486713073674
0.18851526708200847
0.09425763354100423
0.01570960559016737
0.01570960559016737
0.01570960559016737
0.9425763354100424
0.03141921118033474
0.01570960559016737
0.03141921118033474
0.0
0.01570960559016737
0.04712881677050212
0.07854802795083686
0.0
0.0
0.0
0.04712881677050212
0.01570960559016737
0.0
0.0
0.0
0.0
0.0
0.03141921118033474
0.0
0.0
0.03141921118033474
0.0
0.01570960559016737
0.01570960559016737
0.01570960559016737
0.0
0.0
0.0
0.01570960559016737
0.0
0.01570960559016737
0.06283842236066949
0.0
0.0
0.01570960559016737
0.0
0.03141921118033474
0.06283842236066949
0.0
0.01570960559016737
0.0
0.04712881677050212
0.03141921118033474
0.01570960559016737
0.0
0.01570960559016737
0.01570960559016737
0.04712881677050212
0.01570960559016737
0.03141921118033474
0.04712881677050212
0.07854802795083686
0.15709605590167372
0.20295165342773613
0.015611665648287395
0.0
0.015611665648287395
0.03122333129657479
0.9366999388972437
0.03122333129657479
0.03122333129657479
0.06244666259314958
0.0
0.03122333129657479
0.03122333129657479
0.015611665648287395
0.015611665648287395
0.0
0.0
0.015611665648287395
0.06244666259314958
0.0
0.0
0.0
0.0
0.03122333129657479
0.046834996944862185
0.046834996944862185
0.046834996944862185
0.0
0.0
0.015611665648287395
0.046834996944862185
0.03122333129657479
0.0
0.015611665648287395
0.015611665648287395
0.0
0.015611665648287395
0.03122333129657479
0.07805832824143698
0.0
0.015611665648287395
0.03122333129657479
0.015611665648287395
0.0
0.03122333129657479
0.0
0.0
0.015611665648287395
0.06244666259314958
0.10928165953801176
0.0
0.015611665648287395
0.07805832824143698
0.015611665648287395
0.046834996944862185
0.03122333129657479
0.03122333129657479
0.0
0.06244666259314958
0.12489332518629916
0.2311525231475795
0.015410168209838634
0.03082033641967727
0.0462305046295159
0.015410168209838634
0.924610092590318
0.0462305046295159
0.10787117746887044
0.07705084104919317
0.03082033641967727
0.015410168209838634
0.06164067283935454
0.0924610092590318
0.015410168209838634
0.0
0.015410168209838634
0.06164067283935454
0.015410168209838634
0.015410168209838634
0.0
0.0
0.0
0.0
0.015410168209838634
0.015410168209838634
0.0
0.0
0.0
0.0
0.015410168209838634
0.0
0.0
0.0
0.0
0.0
0.0462305046295159
0.0
0.07705084104919317
0.015410168209838634
0.0
0.015410168209838634
0.0
0.0462305046295159
0.03082033641967727
0.03082033641967727
0.0
0.0
0.0462305046295159
0.0462305046295159
0.015410168209838634
0.0
0.07705084104919317
0.07705084104919317
0.015410168209838634
0.03082033641967727
0.06164067283935454
0.0
0.015410168209838634
0.12328134567870908
0.20435099191637854
0.031438614140981314
0.031438614140981314
0.031438614140981314
0.04715792121147197
0.9431584242294394
0.06287722828196263
0.06287722828196263
0.015719307070490657
0.015719307070490657
0.0
0.015719307070490657
0.09431584242294394
0.031438614140981314
0.0
0.0
0.031438614140981314
0.0
0.0
0.0
0.0
0.0
0.1100351494934346
0.015719307070490657
0.031438614140981314
0.0
0.0
0.015719307070490657
0.015719307070490657
0.0
0.015719307070490657
0.0
0.0
0.031438614140981314
0.0
0.015719307070490657
0.031438614140981314
0.0
0.0
0.0
0.0
0.0
0.015719307070490657
0.0
0.0
0.0
0.015719307070490657
0.04715792121147197
0.06287722828196263
0.0
0.0
0.06287722828196263
0.0
0.0
0.0
0.015719307070490657
0.031438614140981314
0.0
0.12575445656392525
0.23156532041041442
0.03087537605472192
0.0
0.0
0.01543768802736096
0.9262612816416577
0.03087537605472192
0.03087537605472192
0.1543768802736096
0.0
0.0
0.06175075210944384
0.03087537605472192
0.0
0.0
0.01543768802736096
0.03087537605472192
0.03087537605472192
0.0
0.0
0.01543768802736096
0.0
0.0
0.01543768802736096
0.03087537605472192
0.03087537605472192
0.0
0.01543768802736096
0.0
0.0
0.03087537605472192
0.0
0.0
0.0
0.0
0.01543768802736096
0.04631306408208288
0.04631306408208288
0.0
0.0
0.0
0.01543768802736096
0.01543768802736096
0.0771884401368048
0.0
0.0
0.0
0.0771884401368048
0.0771884401368048
0.04631306408208288
0.0
0.09262612816416577
0.06175075210944384
0.0
0.03087537605472192
0.03087537605472192
0.0
0.0
0.10806381619152673
0.21105794120443452
0.0
0.060302268915552716
0.015075567228888179
0.015075567228888179
0.9045340337332908
0.060302268915552716
0.04522670168666454
0.10552897060221726
0.015075567228888179
0.0
0.21105794120443452
0.09045340337332908
0.015075567228888179
0.0
0.0
0.060302268915552716
0.0
0.0
0.015075567228888179
0.0
0.0
0.015075567228888179
0.060302268915552716
0.030151134457776358
0.0
0.0
0.015075567228888179
0.0
0.030151134457776358
0.0
0.0
0.0
0.0
0.015075567228888179
0.0
0.030151134457776358
0.030151134457776358
0.0
0.0
0.0
0.030151134457776358
0.030151134457776358
0.04522670168666454
0.015075567228888179
0.015075567228888179
0.030151134457776358
0.060302268915552716
0.12060453783110543
0.0
0.0
0.060302268915552716
0.04522670168666454
0.0753778361444409
0.030151134457776358
0.015075567228888179
0.030151134457776358
0.0
0.12060453783110543
0.1551553494879347
0.03103106989758694
0.03103106989758694
0.01551553494879347
0.01551553494879347
0.9309320969276083
0.01551553494879347
0.04654660484638041
0.04654660484638041
0.0
0.0
0.09309320969276082
0.07757767474396735
0.03103106989758694
0.0
0.0
0.06206213979517388
0.03103106989758694
0.0
0.03103106989758694
0.0
0.0
0.01551553494879347
0.01551553494879347
0.06206213979517388
0.0
0.0
0.01551553494879347
0.0
0.03103106989758694
0.06206213979517388
0.0
0.0
0.0
0.01551553494879347
0.01551553494879347
0.03103106989758694
0.01551553494879347
0.0
0.0
0.01551553494879347
0.0
0.0
0.0
0.01551553494879347
0.01551553494879347
0.03103106989758694
0.06206213979517388
0.09309320969276082
0.0
0.0
0.07757767474396735
0.0
0.01551553494879347
0.03103106989758694
0.0
0.01551553494879347
0.03103106989758694
0.21721748928310858
0.17005791387835426
0.030919620705155318
0.015459810352577659
0.030919620705155318
0.015459810352577659
0.9275886211546596
0.030919620705155318
0.030919620705155318
0.09275886211546595
0.0
0.0
0.030919620705155318
0.015459810352577659
0.0
0.015459810352577659
0.0
0.04637943105773298
0.04637943105773298
0.030919620705155318
0.0
0.0
0.0
0.015459810352577659
0.030919620705155318
0.015459810352577659
0.0
0.0
0.015459810352577659
0.015459810352577659
0.030919620705155318
0.04637943105773298
0.0
0.0
0.0
0.0
0.015459810352577659
0.0
0.07729905176288829
0.015459810352577659
0.0
0.015459810352577659
0.030919620705155318
0.0
0.1082186724680436
0.015459810352577659
0.015459810352577659
0.0
0.07729905176288829
0.13913829317319892
0.030919620705155318
0.0
0.09275886211546595
0.061839241410310636
0.061839241410310636
0.015459810352577659
0.030919620705155318
0.030919620705155318
0.04637943105773298
0.13913829317319892
0.21502864953924267
0.0
0.015359189252803048
0.06143675701121219
0.030718378505606096
0.9215513551681829
0.06143675701121219
0.0921551355168183
0.10751432476962133
0.0
0.0
0.04607756775840915
0.04607756775840915
0.030718378505606096
0.0
0.0
0.10751432476962133
0.0
0.0
0.015359189252803048
0.015359189252803048
0.0
0.015359189252803048
0.030718378505606096
0.030718378505606096
0.0
0.015359189252803048
0.0
0.0
0.04607756775840915
0.015359189252803048
0.0
0.015359189252803048
0.0
0.015359189252803048
0.015359189252803048
0.04607756775840915
0.0
0.0
0.0
0.0
0.0
0.0
0.04607756775840915
0.0
0.015359189252803048
0.0
0.06143675701121219
0.10751432476962133
0.015359189252803048
0.030718378505606096
0.07679594626401524
0.030718378505606096
0.015359189252803048
0.015359189252803048
0.030718378505606096
0.015359189252803048
0.0
0.1535918925280305
0.2318971552886649
0.030919620705155318
0.061839241410310636
0.0
0.015459810352577659
0.9275886211546596
0.0
0.030919620705155318
0.04637943105773298
0.0
0.0
0.015459810352577659
0.061839241410310636
0.030919620705155318
0.0
0.0
0.0
0.04637943105773298
0.0
0.0
0.015459810352577659
0.0
0.0
0.061839241410310636
0.09275886211546595
0.030919620705155318
0.0
0.0
0.0
0.0
0.030919620705155318
0.0
0.0
0.0
0.0
0.030919620705155318
0.030919620705155318
0.04637943105773298
0.0
0.0
0.0
0.015459810352577659
0.0
0.061839241410310636
0.0
0.0
0.015459810352577659
0.030919620705155318
0.04637943105773298
0.015459810352577659
0.0
0.07729905176288829
0.015459810352577659
0.015459810352577659
0.0
0.04637943105773298
0.030919620705155318
0.015459810352577659
0.1855177242309319
0.2030754270889506
0.0
0.015621186699150046
0.03124237339830009
0.0
0.9372712019490027
0.015621186699150046
0.04686356009745014
0.04686356009745014
0.015621186699150046
0.015621186699150046
0.04686356009745014
0.07810593349575022
0.0
0.015621186699150046
0.015621186699150046
0.04686356009745014
0.04686356009745014
0.0
0.015621186699150046
0.0
0.0
0.015621186699150046
0.015621186699150046
0.0
0.015621186699150046
0.0
0.0
0.0
0.0
0.03124237339830009
0.0
0.0
0.0
0.0
0.0
0.015621186699150046
0.07810593349575022
0.0
0.0
0.015621186699150046
0.0
0.015621186699150046
0.09372712019490027
0.0
0.03124237339830009
0.015621186699150046
0.03124237339830009
0.09372712019490027
0.0
0.0
0.07810593349575022
0.06248474679660018
0.0
0.03124237339830009
0.04686356009745014
0.03124237339830009
0.07810593349575022
0.10934830689405031
0.1702003494877872
0.03094551808868858
0.01547275904434429
0.04641827713303287
0.01547275904434429
0.9283655426606574
0.0
0.07736379522172145
0.09283655426606574
0.03094551808868858
0.01547275904434429
0.06189103617737716
0.09283655426606574
0.0
0.0
0.0
0.06189103617737716
0.07736379522172145
0.0
0.0
0.0
0.0
0.03094551808868858
0.0
0.01547275904434429
0.01547275904434429
0.0
0.01547275904434429
0.0
0.0
0.01547275904434429
0.0
0.03094551808868858
0.01547275904434429
0.0
0.01547275904434429
0.0
0.03094551808868858
0.0
0.0
0.0
0.01547275904434429
0.01547275904434429
0.03094551808868858
0.0
0.0
0.0
0.12378207235475432
0.10830931331041004
0.01547275904434429
0.01547275904434429
0.06189103617737716
0.04641827713303287
0.04641827713303287
0.03094551808868858
0.03094551808868858
0.01547275904434429
0.0
0.1547275904434429
0.1569992205008053
0.0
0.0
0.03139984410016106
0.03139984410016106
0.9419953230048319
0.06279968820032213
0.03139984410016106
0.10989945435056372
0.0
0.01569992205008053
0.0
0.12559937640064425
0.01569992205008053
0.0
0.0
0.01569992205008053
0.03139984410016106
0.0
0.0
0.0
0.0
0.03139984410016106
0.01569992205008053
0.01569992205008053
0.01569992205008053
0.01569992205008053
0.0
0.0
0.01569992205008053
0.03139984410016106
0.0
0.0
0.0
0.01569992205008053
0.03139984410016106
0.01569992205008053
0.06279968820032213
0.0
0.0
0.0
0.0
0.03139984410016106
0.0
0.0
0.0
0.01569992205008053
0.0941995323004832
0.01569992205008053
0.03139984410016106
0.0
0.06279968820032213
0.0941995323004832
0.01569992205008053
0.01569992205008053
0.0470997661502416
0.01569992205008053
0.0
0.12559937640064425
0.22633936510629632
0.015089291007086421
0.030178582014172842
0.0
0.045267873021259265
0.9053574604251853
0.045267873021259265
0.07544645503543211
0.10562503704960495
0.0
0.045267873021259265
0.18107149208503706
0.07544645503543211
0.015089291007086421
0.0
0.015089291007086421
0.015089291007086421
0.015089291007086421
0.0
0.0
0.0
0.0
0.0
0.015089291007086421
0.0
0.030178582014172842
0.0
0.0
0.0
0.015089291007086421
0.0
0.0
0.0
0.0
0.030178582014172842
0.015089291007086421
0.015089291007086421
0.015089291007086421
0.0
0.0
0.015089291007086421
0.015089291007086421
0.015089291007086421
0.045267873021259265
0.030178582014172842
0.0
0.0
0.10562503704960495
0.1358036190637778
0.030178582014172842
0.015089291007086421
0.045267873021259265
0.0
0.030178582014172842
0.045267873021259265
0.030178582014172842
0.060357164028345685
0.015089291007086421
0.1358036190637778
0.25891660868480715
0.030460777492330254
0.030460777492330254
0.015230388746165127
0.0
0.9138233247699076
0.030460777492330254
0.06092155498466051
0.06092155498466051
0.0
0.0
0.07615194373082564
0.10661272122315589
0.0
0.04569116623849538
0.0
0.07615194373082564
0.015230388746165127
0.0
0.0
0.0
0.015230388746165127
0.04569116623849538
0.015230388746165127
0.015230388746165127
0.015230388746165127
0.0
0.015230388746165127
0.0
0.04569116623849538
0.0
0.0
0.015230388746165127
0.015230388746165127
0.015230388746165127
0.0
0.030460777492330254
0.015230388746165127
0.015230388746165127
0.0
0.015230388746165127
0.0
0.030460777492330254
0.015230388746165127
0.015230388746165127
0.015230388746165127
0.015230388746165127
0.030460777492330254
0.06092155498466051
0.015230388746165127
0.0
0.04569116623849538
0.030460777492330254
0.0
0.06092155498466051
0.0
0.030460777492330254
0.030460777492330254
0.19799505370014664
0.12631753903620255
0.01578969237952532
0.03157938475905064
0.03157938475905064
0.0
0.9473815427715191
0.01578969237952532
0.04736907713857595
0.03157938475905064
0.0
0.0
0.11052784665667723
0.07894846189762658
0.0
0.0
0.0
0.04736907713857595
0.0
0.0
0.03157938475905064
0.0
0.01578969237952532
0.03157938475905064
0.01578969237952532
0.0
0.0
0.0
0.0
0.0
0.01578969237952532
0.03157938475905064
0.0
0.0
0.03157938475905064
0.0
0.04736907713857595
0.01578969237952532
0.03157938475905064
0.01578969237952532
0.0
0.0
0.03157938475905064
0.0
0.06315876951810127
0.0
0.0
0.0
0.03157938475905064
0.12631753903620255
0.03157938475905064
0.0
0.06315876951810127
0.03157938475905064
0.0
0.04736907713857595
0.01578969237952532
0.03157938475905064
0.0
0.14210723141572787
0.24479602454484184
0.015299751534052615
0.06119900613621046
0.03059950306810523
0.09179850920431569
0.9179850920431569
0.03059950306810523
0.03059950306810523
0.015299751534052615
0.0
0.0
0.015299751534052615
0.015299751534052615
0.015299751534052615
0.015299751534052615
0.015299751534052615
0.015299751534052615
0.015299751534052615
0.0
0.015299751534052615
0.0
0.015299751534052615
0.03059950306810523
0.07649875767026307
0.0
0.015299751534052615
0.0
0.0
0.0
0.03059950306810523
0.015299751534052615
0.015299751534052615
0.0
0.015299751534052615
0.0
0.0
0.015299751534052615
0.015299751534052615
0.0
0.0
0.0
0.0
0.045899254602157845
0.045899254602157845
0.0
0.0
0.03059950306810523
0.03059950306810523
0.07649875767026307
0.0
0.0
0.06119900613621046
0.03059950306810523
0.015299751534052615
0.0
0.015299751534052615
0.03059950306810523
0.0
0.22949627301078923
0.19910661361273332
0.01531589335482564
0.04594768006447692
0.03063178670965128
0.03063178670965128
0.9189536012895384
0.0765794667741282
0.10721125348377948
0.10721125348377948
0.03063178670965128
0.01531589335482564
0.06126357341930256
0.03063178670965128
0.0
0.01531589335482564
0.0
0.09189536012895384
0.01531589335482564
0.0
0.0
0.0
0.01531589335482564
0.10721125348377948
0.01531589335482564
0.04594768006447692
0.0
0.0
0.0
0.0
0.01531589335482564
0.03063178670965128
0.03063178670965128
0.01531589335482564
0.0
0.0
0.01531589335482564
0.03063178670965128
0.01531589335482564
0.0
0.0
0.0
0.03063178670965128
0.0
0.01531589335482564
0.03063178670965128
0.01531589335482564
0.0
0.0765794667741282
0.01531589335482564
0.01531589335482564
0.01531589335482564
0.0765794667741282
0.03063178670965128
0.01531589335482564
0.01531589335482564
0.0
0.0
0.01531589335482564
0.18379072025790769
0.26089089729624443
0.0
0.01534652337036732
0.03069304674073464
0.0
0.9207914022220391
0.03069304674073464
0.10742566359257123
0.10742566359257123
0.01534652337036732
0.01534652337036732
0.12277218696293855
0.046039570111101956
0.03069304674073464
0.01534652337036732
0.0
0.03069304674073464
0.03069304674073464
0.0
0.03069304674073464
0.0
0.0
0.01534652337036732
0.01534652337036732
0.03069304674073464
0.03069304674073464
0.0
0.0
0.01534652337036732
0.046039570111101956
0.0
0.0
0.0
0.01534652337036732
0.046039570111101956
0.06138609348146928
0.046039570111101956
0.03069304674073464
0.01534652337036732
0.03069304674073464
0.0
0.0
0.01534652337036732
0.046039570111101956
0.0
0.0
0.0
0.06138609348146928
0.046039570111101956
0.01534652337036732
0.0
0.046039570111101956
0.01534652337036732
0.0
0.03069304674073464
0.03069304674073464
0.03069304674073464
0.0
0.09207914022220391
0.10964301069341174
0.03132657448383193
0.0
0.015663287241915964
0.06265314896766386
0.9397972345149579
0.04698986172574789
0.04698986172574789
0.07831643620957981
0.0
0.015663287241915964
0.15663287241915963
0.07831643620957981
0.015663287241915964
0.03132657448383193
0.0
0.015663287241915964
0.0
0.015663287241915964
0.015663287241915964
0.0
0.0
0.015663287241915964
0.0
0.0
0.015663287241915964
0.015663287241915964
0.0
0.0
0.0
0.04698986172574789
0.0
0.0
0.015663287241915964
0.0
0.015663287241915964
0.03132657448383193
0.03132657448383193
0.0
0.015663287241915964
0.0
0.0
0.0
0.14096958517724367
0.0
0.03132657448383193
0.0
0.09397972345149579
0.04698986172574789
0.015663287241915964
0.0
0.03132657448383193
0.06265314896766386
0.03132657448383193
0.03132657448383193
0.04698986172574789
0.015663287241915964
0.015663287241915964
0.09397972345149579
0.15684465563881997
0.0
0.047053396691645995
0.06273786225552799
0.015684465563881998
0.9410679338329199
0.031368931127763997
0.031368931127763997
0.06273786225552799
0.0
0.015684465563881998
0.09410679338329199
0.07842232781940998
0.0
0.0
0.015684465563881998
0.047053396691645995
0.06273786225552799
0.0
0.015684465563881998
0.015684465563881998
0.0
0.06273786225552799
0.0
0.06273786225552799
0.015684465563881998
0.015684465563881998
0.0
0.0
0.015684465563881998
0.031368931127763997
0.0
0.0
0.0
0.015684465563881998
0.015684465563881998
0.031368931127763997
0.015684465563881998
0.0
0.015684465563881998
0.015684465563881998
0.015684465563881998
0.047053396691645995
0.031368931127763997
0.0
0.031368931127763997
0.015684465563881998
0.06273786225552799
0.07842232781940998
0.015684465563881998
0.0
0.07842232781940998
0.06273786225552799
0.0
0.047053396691645995
0.015684465563881998
0.015684465563881998
0.0
0.12547572451105599
0.23131737698273686
0.015421158465515792
0.04626347539654738
0.015421158465515792
0.015421158465515792
0.9252695079309474
0.04626347539654738
0.04626347539654738
0.09252695079309475
0.0
0.015421158465515792
0.061684633862063167
0.030842316931031583
0.04626347539654738
0.0
0.0
0.015421158465515792
0.030842316931031583
0.0
0.0
0.0
0.015421158465515792
0.061684633862063167
0.04626347539654738
0.0
0.0
0.0
0.0
0.0
0.0
0.030842316931031583
0.030842316931031583
0.0
0.0
0.0
0.015421158465515792
0.0
0.015421158465515792
0.0
0.0
0.015421158465515792
0.0
0.030842316931031583
0.04626347539654738
0.0
0.0
0.0
0.09252695079309475
0.061684633862063167
0.015421158465515792
0.0
0.04626347539654738
0.015421158465515792
0.030842316931031583
0.04626347539654738
0.030842316931031583
0.015421158465515792
0.030842316931031583
0.1850539015861895
0.17009857327257022
0.0
0.0
0.0
0.015463506661142748
0.9278103996685649
0.0
0.06185402664457099
0.0927810399668565
0.015463506661142748
0.015463506661142748
0.04639051998342825
0.0927810399668565
0.0
0.015463506661142748
0.0
0.0
0.04639051998342825
0.04639051998342825
0.015463506661142748
0.0
0.0
0.030927013322285497
0.030927013322285497
0.07731753330571374
0.0
0.015463506661142748
0.0
0.0
0.015463506661142748
0.04639051998342825
0.030927013322285497
0.0
0.015463506661142748
0.015463506661142748
0.015463506661142748
0.015463506661142748
0.06185402664457099
0.015463506661142748
0.0
0.0
0.015463506661142748
0.030927013322285497
0.07731753330571374
0.015463506661142748
0.015463506661142748
0.030927013322285497
0.12370805328914199
0.030927013322285497
0.0
0.015463506661142748
0.04639051998342825
0.06185402664457099
0.015463506661142748
0.04639051998342825
0.04639051998342825
0.015463506661142748
0.015463506661142748
0.17009857327257022
0.22819132278932835
0.03042550970524378
0.01521275485262189
0.06085101941048756
0.01521275485262189
0.9127652911573134
0.03042550970524378
0.09127652911573134
0.10648928396835323
0.01521275485262189
0.01521275485262189
0.12170203882097512
0.10648928396835323
0.03042550970524378
0.0
0.0
0.03042550970524378
0.01521275485262189
0.0
0.0
0.0
0.03042550970524378
0.03042550970524378
0.01521275485262189
0.03042550970524378
0.0
0.0
0.0
0.01521275485262189
0.03042550970524378
0.0
0.0
0.0
0.04563826455786567
0.01521275485262189
0.03042550970524378
0.01521275485262189
0.0
0.0
0.0
0.01521275485262189
0.0
0.01521275485262189
0.06085101941048756
0.01521275485262189
0.01521275485262189
0.03042550970524378
0.03042550970524378
0.10648928396835323
0.0
0.01521275485262189
0.03042550970524378
0.04563826455786567
0.01521275485262189
0.01521275485262189
0.04563826455786567
0.01521275485262189
0.03042550970524378
0.1673403033788408
0.20258168595701584
0.04674961983623442
0.015583206612078142
0.04674961983623442
0.015583206612078142
0.9349923967246885
0.031166413224156284
0.06233282644831257
0.04674961983623442
0.031166413224156284
0.015583206612078142
0.04674961983623442
0.06233282644831257
0.015583206612078142
0.015583206612078142
0.0
0.031166413224156284
0.031166413224156284
0.0
0.015583206612078142
0.0
0.0
0.031166413224156284
0.06233282644831257
0.015583206612078142
0.015583206612078142
0.0
0.0
0.0
0.015583206612078142
0.0
0.0
0.0
0.031166413224156284
0.0
0.031166413224156284
0.0779160330603907
0.04674961983623442
0.0
0.0
0.0
0.015583206612078142
0.015583206612078142
0.0779160330603907
0.0
0.0
0.031166413224156284
0.04674961983623442
0.04674961983623442
0.015583206612078142
0.0
0.04674961983623442
0.04674961983623442
0.04674961983623442
0.015583206612078142
0.04674961983623442
0.0779160330603907
0.015583206612078142
0.14024885950870328
0.23406091994174016
0.015604061329449343
0.062416245317797374
0.015604061329449343
0.031208122658898687
0.9362436797669607
0.04681218398834803
0.062416245317797374
0.031208122658898687
0.0
0.015604061329449343
0.031208122658898687
0.015604061329449343
0.0
0.015604061329449343
0.015604061329449343
0.031208122658898687
0.015604061329449343
0.015604061329449343
0.0
0.0
0.0
0.0
0.04681218398834803
0.031208122658898687
0.015604061329449343
0.0
0.0
0.0
0.015604061329449343
0.04681218398834803
0.0
0.015604061329449343
0.0
0.0
0.031208122658898687
0.031208122658898687
0.04681218398834803
0.0
0.0
0.031208122658898687
0.015604061329449343
0.0
0.062416245317797374
0.015604061329449343
0.0
0.015604061329449343
0.062416245317797374
0.015604061329449343
0.0
0.0
0.015604061329449343
0.031208122658898687
0.062416245317797374
0.0
0.04681218398834803
0.015604061329449343
0.031208122658898687
0.15604061329449342
0.2447673783538193
0.04589388344134112
0.015297961147113705
0.03059592229422741
0.015297961147113705
0.9178776688268224
0.015297961147113705
0.015297961147113705
0.04589388344134112
0.03059592229422741
0.015297961147113705
0.16827757261825077
0.03059592229422741
0.0
0.0
0.015297961147113705
0.03059592229422741
0.04589388344134112
0.0
0.0
0.015297961147113705
0.0
0.04589388344134112
0.03059592229422741
0.07648980573556853
0.0
0.015297961147113705
0.0
0.0
0.0
0.04589388344134112
0.03059592229422741
0.0
0.0
0.03059592229422741
0.04589388344134112
0.015297961147113705
0.015297961147113705
0.0
0.0
0.0
0.03059592229422741
0.015297961147113705
0.015297961147113705
0.0
0.0
0.03059592229422741
0.04589388344134112
0.07648980573556853
0.0
0.03059592229422741
0.015297961147113705
0.03059592229422741
0.015297961147113705
0.03059592229422741
0.0
0.0
0.0
0.16827757261825077
0.11170370790654759
0.04787301767423468
0.015957672558078225
0.03191534511615645
0.03191534511615645
0.9574603534846936
0.015957672558078225
0.03191534511615645
0.04787301767423468
0.0
0.03191534511615645
0.015957672558078225
0.03191534511615645
0.0
0.0
0.0
0.04787301767423468
0.015957672558078225
0.0
0.0
0.0
0.015957672558078225
0.04787301767423468
0.015957672558078225
0.07978836279039113
0.0
0.015957672558078225
0.0
0.0
0.015957672558078225
0.03191534511615645
0.0
0.015957672558078225
0.0
0.0
0.0
0.03191534511615645
0.015957672558078225
0.0
0.0
0.0
0.0
0.015957672558078225
0.07978836279039113
0.0
0.015957672558078225
0.0
0.015957672558078225
0.14361905302270403
0.0
0.0
0.015957672558078225
0.04787301767423468
0.04787301767423468
0.04787301767423468
0.03191534511615645
0.03191534511615645
0.04787301767423468
0.07978836279039113
0.1706914311032008
0.0
0.0
0.04655220848269113
0.0
0.9310441696538225
0.01551740282756371
0.03103480565512742
0.12413922262050968
0.0
0.0
0.12413922262050968
0.01551740282756371
0.03103480565512742
0.01551740282756371
0.0
0.09310441696538226
0.0
0.0
0.01551740282756371
0.0
0.0
0.0
0.0
0.09310441696538226
0.01551740282756371
0.0
0.0
0.01551740282756371
0.0
0.03103480565512742
0.0
0.0
0.0
0.0
0.01551740282756371
0.01551740282756371
0.07758701413781854
0.0
0.0
0.0
0.0
0.0
0.06206961131025484
0.01551740282756371
0.0
0.01551740282756371
0.07758701413781854
0.06206961131025484
0.01551740282756371
0.0
0.09310441696538226
0.04655220848269113
0.01551740282756371
0.03103480565512742
0.0
0.03103480565512742
0.0
0.12413922262050968
0.0951781631352259
0.0
0.0
0.04758908156761295
0.0
0.9517816313522589
0.015863027189204314
0.07931513594602158
0.03172605437840863
0.015863027189204314
0.015863027189204314
0.0951781631352259
0.07931513594602158
0.0
0.0
0.0
0.04758908156761295
0.06345210875681725
0.0
0.015863027189204314
0.0
0.0
0.015863027189204314
0.03172605437840863
0.07931513594602158
0.015863027189204314
0.0
0.0
0.0
0.015863027189204314
0.0
0.0
0.0
0.0
0.0
0.03172605437840863
0.0
0.04758908156761295
0.0
0.0
0.0
0.0
0.015863027189204314
0.06345210875681725
0.0
0.0
0.015863027189204314
0.03172605437840863
0.03172605437840863
0.015863027189204314
0.0
0.03172605437840863
0.1110411903244302
0.03172605437840863
0.0
0.07931513594602158
0.06345210875681725
0.03172605437840863
0.0951781631352259
0.2616933555180087
0.015393726795176981
0.015393726795176981
0.0
0.030787453590353963
0.9236236077106189
0.015393726795176981
0.04618118038553094
0.07696863397588491
0.0
0.030787453590353963
0.030787453590353963
0.061574907180707926
0.0
0.015393726795176981
0.0
0.0
0.0
0.015393726795176981
0.0
0.0
0.0
0.0
0.015393726795176981
0.0
0.0
0.015393726795176981
0.015393726795176981
0.0
0.015393726795176981
0.015393726795176981
0.0
0.030787453590353963
0.0
0.015393726795176981
0.015393726795176981
0.030787453590353963
0.061574907180707926
0.0
0.015393726795176981
0.0
0.015393726795176981
0.030787453590353963
0.04618118038553094
0.0
0.0
0.0
0.12314981436141585
0.10775608756623888
0.0
0.030787453590353963
0.015393726795176981
0.015393726795176981
0.0
0.015393726795176981
0.030787453590353963
0.04618118038553094
0.030787453590353963
0.13854354115659284
